4,30
4,20
4,35
4,19
4,32
4,64
4,81
4,73
4,2
5,2
5,3
3,2
3,1
3,3
83,3
83,2
83,1
81,5
81,4
81,3
81,2
81,1
81,0
75,4
75,3
75,2
75,1
75,0
64,3
64,2
64,1
64,0
53,3
53,2
53,1
53,0
45,3
45,2
45,1
45,0
20,3
20,2
20,1
19,3
19,2
19,1
18,1
17,3
17,2
18,3
17,1
16,3
16,2
16,1
15,3
15,2
15,1
14,3
14,2
14,1
13,3
13,2
13,1
12,3
12,2
12,1
11,3
11,2
11,1
10,3
10,2
10,1
9,3
9,2
2,1
2,3
9,1
8,3
8,2
8,1
7,13
7,12
7,11
7,10
7,9
7,8
7,7
7,6
7,5
7,4
7,3
7,2
7,1
6,6
6,5
6,4
6,3
6,2
6,1
5,4
5,1
4,85
4,66
4,40
4,39
4,29
4,25
4,24
4,11
4,6
4,1
4,5
